0 0 -65536 
0 0 -65536 
0 16711680 -65536 
0 16711680 -65536 
16711680 0 -65536 
16711680 0 -65536 
16711680 0 -65536 
16711680 16711680 0 
16711680 16711680 0 
16711680 0 0 
-65536 0 0 

2345678 2345678 -65536 2345678 
2345678 2345678 -65536 2345678 
2345678 16711680 -65536 2345678 
2345678 16711680 -65536 2345678 
16711680 0 
Polygon: (2, 0) (2, 5) (0, 10) (0, 5)
FirePoint: (1, 4)
topleftPosition(0, 0)

16711680 0 16711680 0 0 0 
16711680 0 16711680 0 0 0 
16711680 16711680 0 0 0 0 
16711680 16711680 0 0 0 0 
16711680 0 0 0 0 0 
16711680 0 0 0 0 0 
16711680 0 0 0 0 0 
16711680 16711680 0 0 0 0 
16711680 16711680 0 0 0 0 
16711680 16711680 0 0 0 0 
16711680 0 16711680 0 0 0 
16711680 0 16711680 0 0 0 
0 16711680 16711680 0 0 0 
0 16711680 0 16711680 0 0 
0 16711680 0 16711680 0 0 
0 0 16711680 16711680 0 0 
0 0 16711680 0 16711680 0 
0 0 16711680 0 16711680 0 
0 0 0 16711680 16711680 0 
0 0 0 16711680 0 -65536 
0 0 0 -65536 0 -65536 

16711680 2345678 -65536 2345678 2345678 2345678 2345678 
16711680 2345678 16711680 2345678 2345678 2345678 2345678 
16711680 2345678 16711680 2345678 2345678 2345678 2345678 
16711680 16711680 2345678 2345678 2345678 2345678 2345678 
16711680 16711680 2345678 2345678 2345678 2345678 2345678 
16711680 2345678 2345678 2345678 2345678 2345678 2345678 
16711680 2345678 2345678 2345678 2345678 2345678 2345678 
16711680 2345678 2345678 2345678 2345678 2345678 2345678 
16711680 16711680 2345678 2345678 2345678 2345678 2345678 
16711680 16711680 2345678 2345678 2345678 2345678 2345678 
16711680 16711680 2345678 2345678 2345678 2345678 2345678 
16711680 0 
Polygon: (0, 5) (0, 10) (5, 25) (5, 20)
FirePoint: (1, 15)
topleftPosition(0, 5)

16711680 0 16711680 16711680 16711680 16711680 -65536 
16711680 0 16711680 0 0 0 0 
16711680 0 16711680 0 0 0 0 
16711680 0 16711680 0 0 0 0 
16711680 0 16711680 0 0 0 0 
16711680 0 -65536 -65536 -65536 -65536 -65536 

2345678 16711680 2345678 16711680 16711680 16711680 16711680 -65536 -65536 
2345678 16711680 2345678 16711680 2345678 2345678 2345678 2345678 2345678 
16711680 16711680 2345678 16711680 2345678 2345678 2345678 2345678 2345678 
16711680 16711680 2345678 16711680 2345678 2345678 2345678 2345678 2345678 
2345678 16711680 2345678 16711680 2345678 2345678 2345678 2345678 2345678 
2345678 16711680 2345678 -65536 -65536 -65536 -65536 -65536 -65536 
2345678 16711680 2345678 2345678 2345678 2345678 2345678 2345678 2345678 
Polygon: (8, 0) (8, 5) (2, 5) (2, 0)
FirePoint: (0, 0)
topleftPosition(2, 0)

16711680 16711680 16711680 16711680 16711680 -65536 
0 0 0 0 0 0 
0 0 0 0 0 0 
0 0 0 0 0 0 
0 0 0 0 0 0 
0 0 0 0 0 0 
0 0 0 0 0 0 
0 0 0 0 0 0 
0 0 0 0 0 0 
0 0 0 0 0 0 
0 0 0 0 0 0 
0 0 0 0 0 0 
0 0 0 0 0 0 
0 0 0 0 0 0 
0 0 0 0 0 0 
0 0 0 0 0 0 
0 0 0 0 0 0 
0 0 0 0 0 0 
0 0 0 0 0 0 
16711680 0 0 0 0 -65536 
-65536 0 0 0 0 -65536 

16711680 2345678 2345678 2345678 2345678 2345678 -65536 2345678 
-65536 16711680 16711680 16711680 16711680 16711680 -65536 2345678 
2345678 2345678 2345678 2345678 2345678 2345678 2345678 2345678 
2345678 2345678 2345678 2345678 2345678 2345678 2345678 2345678 
2345678 2345678 2345678 2345678 2345678 2345678 2345678 2345678 
2345678 2345678 2345678 2345678 2345678 2345678 2345678 2345678 
2345678 2345678 2345678 2345678 2345678 2345678 2345678 2345678 
2345678 2345678 2345678 2345678 2345678 2345678 2345678 2345678 
2345678 2345678 2345678 2345678 2345678 2345678 2345678 2345678 
2345678 2345678 2345678 2345678 2345678 2345678 2345678 2345678 
2345678 2345678 2345678 2345678 2345678 2345678 2345678 2345678 
2345678 2345678 2345678 2345678 2345678 2345678 2345678 2345678 
2345678 2345678 2345678 2345678 2345678 2345678 2345678 2345678 
2345678 2345678 2345678 2345678 2345678 2345678 2345678 2345678 
2345678 2345678 2345678 2345678 2345678 2345678 2345678 2345678 
2345678 2345678 2345678 2345678 2345678 2345678 2345678 2345678 
2345678 2345678 2345678 2345678 2345678 2345678 2345678 2345678 
16711680 2345678 2345678 2345678 2345678 2345678 2345678 -65536 
16711680 2345678 2345678 2345678 2345678 2345678 2345678 -65536 
16711680 2345678 2345678 2345678 2345678 2345678 2345678 -65536 
2345678 16711680 2345678 2345678 2345678 2345678 -65536 2345678 
2345678 -65536 2345678 2345678 2345678 2345678 -65536 2345678 
-65536 -65536 2345678 2345678 2345678 2345678 -65536 -65536 
Polygon: (5, 20) (5, 25) (10, 10) (10, 5)
FirePoint: (0, 0)
topleftPosition(5, 5)

16711680 16711680 -65536 
0 0 -65536 
0 0 -65536 
0 0 -65536 
0 0 -65536 
16711680 16711680 -65536 
0 0 0 
0 0 0 
0 0 0 
0 0 0 
0 0 0 

16711680 16711680 16711680 -65536 2345678 
2345678 2345678 2345678 -65536 2345678 
2345678 2345678 2345678 -65536 2345678 
2345678 2345678 2345678 -65536 2345678 
2345678 2345678 2345678 -65536 2345678 
16711680 16711680 16711680 -65536 2345678 
2345678 2345678 2345678 2345678 2345678 
2345678 2345678 2345678 2345678 2345678 
2345678 2345678 2345678 2345678 2345678 
2345678 2345678 2345678 2345678 2345678 
2345678 2345678 2345678 2345678 2345678 
2345678 2345678 2345678 2345678 2345678 
Polygon: (10, 5) (10, 10) (8, 5) (8, 0)
FirePoint: (0, 0)
topleftPosition(8, 0)

0 0 16711680 16711680 16711680 16711680 16711680 16711680 16711680 16711680 -65536 
0 0 16711680 0 16711680 0 0 0 16711680 0 -65536 
0 16711680 16711680 0 16711680 0 0 0 0 16711680 -65536 
0 16711680 16711680 0 16711680 0 0 0 0 16711680 -65536 
16711680 0 16711680 0 16711680 0 0 0 0 0 -65536 
16711680 0 16711680 0 16711680 16711680 16711680 16711680 16711680 16711680 -65536 
16711680 0 16711680 0 0 0 0 0 0 0 -65536 
16711680 16711680 0 0 0 0 0 0 0 16711680 0 
16711680 16711680 0 0 0 0 0 0 0 16711680 0 
16711680 16711680 0 0 0 0 0 0 0 16711680 0 
16711680 0 16711680 0 0 0 0 0 16711680 0 0 
16711680 0 16711680 0 0 0 0 0 16711680 0 0 
16711680 16711680 16711680 0 0 0 0 0 16711680 0 0 
16711680 16711680 0 16711680 0 0 0 16711680 0 0 0 
16711680 16711680 0 16711680 0 0 0 16711680 0 0 0 
16711680 0 16711680 16711680 0 0 0 16711680 0 0 0 
16711680 0 16711680 0 16711680 0 16711680 0 0 0 0 
0 16711680 16711680 0 16711680 0 16711680 0 0 0 0 
0 16711680 0 16711680 16711680 0 16711680 0 0 0 0 
0 16711680 0 16711680 0 16711680 0 0 0 0 0 
0 0 16711680 16711680 0 -65536 0 0 0 0 0 

2345678 2345678 16711680 16711680 16711680 16711680 16711680 16711680 16711680 16711680 -65536 2345678 
2345678 2345678 16711680 0 
Polygon: (0, 5) (2, 0) (8, 0) (10, 5) (5, 20)
FirePoint: (3, 1)
topleftPosition(0, 0)

